//================================init procedure=========================================//


1) get status report - if its has zeros continue init procedure
-----------------------------------------------------------------------------------------------------------
-> USBHID 64b  GET_REPORT Request bmRequestType 0xa1 bRequest 0x01 wValue 0x0304 wIndex 0 wLength 64
  0000   00 d6 f1 09 04 88 ff ff 53 02 80 07 01 00 00 3c
  0010   82 74 87 58 00 00 00 00 67 1a 00 00 8d ff ff ff
  0020   40 00 00 00 00 00 00 00 a1 01 04 03 00 00 40 00
  0030   00 00 00 00 00 00 00 00 00 02 00 00 00 00 00 00

<- USBHID 128b  GET_REPORT Response
header:
  0000   00 d6 f1 09 04 88 ff ff 43 02 80 07 01 00 2d 00
  0010   82 74 87 58 00 00 00 00 b6 1c 00 00 00 00 00 00
  0020   40 00 00 00 40 00 00 00 00 00 00 00 00 00 00 00
  0030   00 00 00 00 00 00 00 00 00 02 00 00 00 00 00 00
data: [struct StatusReport]
  0040   04 38 00 00 a7 06 00 00 00 00 00 00 00 00 00 00
  0050   00 00 00 00 01 80 00 00 00 00 00 00 00 00 00 00
  0060   00 00 00 00 00 00 00 00 00 00 ff ff 00 00 00 00
  0070   00 00 00 00 00 00 00 00 00 00 98 00 00 00 00 00

  After boot stat report will be zero

  0438 00000000 00000000000000000000000000000000000000000000000000000000000000000000000000000000000000000000000000000000000000000000
-----------------------------------------------------------------------------------------------------------


2) send SET_REPORT Request with data: 0x030400fb
-----------------------------------------------------------------------------------------------------------
-> USBHID 128b SET_REPORT Request bmRequestType 0x21 bRequest 0x09 wValue 0x0303 wIndex 0 wLength 64
header:
  0000   80 d1 f1 09 04 88 ff ff 53 02 00 07 01 00 00 00
  0010   82 74 87 58 00 00 00 00 ef 26 00 00 8d ff ff ff
  0020   40 00 00 00 40 00 00 00 21 09 03 03 00 00 40 00
  0030   00 00 00 00 00 00 00 00 00 00 00 00 00 00 00 00
data:
  0040   03 04 00 fb 00 00 00 00 00 00 00 00 00 00 00 00
  0050   00 00 00 00 00 00 00 00 00 00 00 00 00 00 00 00
  0060   00 00 00 00 00 00 00 00 00 00 00 00 00 00 00 00
  0070   00 00 00 00 00 00 00 00 00 00 00 00 00 00 00 00

  030400fb000000000000000000000000000000000000000000000000000000000000000000000000000000000000000000000000000000000000000000000000

<- USBHID 64b SET_REPORT Response
  0000   80 d1 f1 09 04 88 ff ff 43 02 00 07 01 00 2d 3e
  0010   82 74 87 58 00 00 00 00 c6 27 00 00 00 00 00 00
  0020   40 00 00 00 00 00 00 00 00 00 00 00 00 00 00 00
  0030   00 00 00 00 00 00 00 00 00 00 00 00 00 00 00 00

-----------------------------------------------------------------------------------------------------------

3)
wait 0.01 sec (or the next request will fail)

4)
send request 'move end' 0x05 0180 0180 0180 0180
-----------------------------------------------------------------------------------------------------------
-> USBHID 128b SET_REPORT Request bmRequestType 0x21 bRequest 0x09 wValue 0x0305 wIndex 0 wLength 64
header:
  0000   40 d8 f1 09 04 88 ff ff 53 02 00 07 01 00 00 00
  0010   82 74 87 58 00 00 00 00 43 33 00 00 8d ff ff ff
  0020   40 00 00 00 40 00 00 00 21 09 05 03 00 00 40 00
  0030   00 00 00 00 00 00 00 00 00 00 00 00 00 00 00 00
data: (move end)
  0040   05 01 (80 01) (80 01) (80 01) (80 00) 00 00 00 00 00 00
  0050   00 00 00 00 00 00 00 00 00 00 00 00 00 00 00 00
  0060   00 00 00 00 00 00 00 00 00 00 00 00 00 00 00 00
  0070   00 00 00 00 00 00 00 00 00 00 00 00 00 00 00 00

  05018001800180018000000000000000000000000000000000000000000000000000000000000000000000000000000000000000000000000000000000000000

<- USBHID 64b Response
  0000   40 d8 f1 09 04 88 ff ff 43 02 00 07 01 00 2d 3e
  0010   82 74 87 58 00 00 00 00 7d 35 00 00 00 00 00 00
  0020   40 00 00 00 00 00 00 00 00 00 00 00 00 00 00 00
  0030   00 00 00 00 00 00 00 00 00 00 00 00 00 00 00 00
-----------------------------------------------------------------------------------------------------------

5)
wait 0.1 sec (or next status report will be zero)
-----------------------------------------------------------------------------------------------------------

6) done!
